 B state
 T=  -3.3223346229435563E-310
 B=  -2.0443147407640782E-316
 D=   5.9000000000000003E-006
