 A state
 T=  -5.8204196707485427E-311
 B=  -1.0537622309775755E-316
 D=   6.1500000000000004E-006
